[gd_scene load_steps=21 format=2]

[ext_resource path="res://dodo.dae" type="PackedScene" id=2]
[ext_resource path="res://Player.gd" type="Script" id=3]

[sub_resource type="CylinderShape" id=1]
height = 3.45817

[sub_resource type="CapsuleShape" id=2]
radius = 0.290173
height = 0.286363

[sub_resource type="SphereShape" id=3]
radius = 0.0782765

[sub_resource type="CapsuleShape" id=4]
radius = 0.100535
height = 0.15975

[sub_resource type="CapsuleShape" id=5]
radius = 0.0152425
height = 0.12194

[sub_resource type="CapsuleShape" id=6]
radius = 0.046945
height = 0.0552837

[sub_resource type="CapsuleShape" id=7]
radius = 0.058818
height = 0.0697619

[sub_resource type="CapsuleShape" id=8]
radius = 0.0208422
height = 0.107823

[sub_resource type="CapsuleShape" id=9]
radius = 0.0149816
height = 0.0862582

[sub_resource type="CapsuleShape" id=10]
radius = 0.0142858
height = 0.0807234

[sub_resource type="CapsuleShape" id=11]
radius = 0.0149732
height = 0.083315

[sub_resource type="CapsuleShape" id=12]
radius = 0.0152425
height = 0.12194

[sub_resource type="CapsuleShape" id=13]
radius = 0.0489323
height = 0.0719823

[sub_resource type="CapsuleShape" id=14]
radius = 0.0303599
height = 0.242879

[sub_resource type="CapsuleShape" id=15]
radius = 0.0208422
height = 0.166738

[sub_resource type="CapsuleShape" id=16]
radius = 0.0108285
height = 0.0866282

[sub_resource type="CapsuleShape" id=17]
radius = 0.0100904
height = 0.0807234

[sub_resource type="CapsuleShape" id=18]
radius = 0.0104144
height = 0.0833149

[node name="Player" type="KinematicBody"]
script = ExtResource( 3 )

[node name="Camera" type="Camera" parent="."]
transform = Transform( 0.98035, -0.0624719, 0.18711, 0, 0.948528, 0.316692, -0.197264, -0.310469, 0.92989, 0.692066, 2.70459, 6 )

[node name="CollisionShape" type="CollisionShape" parent="."]
transform = Transform( 0.583, 0, 0, 0, 0.481, 0, 0, 0, 0.604, -0.171982, 0.820773, -0.015798 )
shape = SubResource( 1 )

[node name="Model" parent="." instance=ExtResource( 2 )]
transform = Transform( -1.62921e-07, 0, 1, 0, 1, 0, -1, 0, -1.62921e-07, 0, 0, 0 )

[node name="Dodo" parent="Model/DodoRig/Skeleton" index="0"]
transform = Transform( 1, 0, 0, 0, 1, 0, 0, 0, 1, 0.0136331, 0.00794071, -0.0447616 )

[node name="Physical Bone Hip" type="PhysicalBone" parent="Model/DodoRig/Skeleton" index="1"]
transform = Transform( 0.00079014, 0.99999, 0.00430135, -0.808352, 0.00317092, -0.58869, -0.588698, -0.00301186, 0.808347, -0.00106321, 0.727739, -0.140016 )
joint_offset = Transform( 1, 0, 0, 0, 1, 0, 0, 0, 1, -7.29622e-07, -4.21256e-08, 0.247169 )
body_offset = Transform( 1, 1.17579e-07, 2.95191e-06, -1.29279e-07, 1, 1.70432e-07, -2.97942e-06, -1.07102e-07, 1, 0, 0, -0.247169 )
bone_name = "Hip"

[node name="CollisionShape" type="CollisionShape" parent="Model/DodoRig/Skeleton/Physical Bone Hip"]
transform = Transform( 1, 4.24916e-09, -7.44141e-07, 5.23869e-10, 1, 9.31323e-10, 5.07568e-07, -1.39698e-09, 1, -0.0523939, 0.0293132, 0.143143 )
shape = SubResource( 2 )

[node name="Physical Bone Sternum" type="PhysicalBone" parent="Model/DodoRig/Skeleton" index="2"]
transform = Transform( 0.999838, -0.00348131, -0.0174951, -0.0177593, -0.102248, -0.994601, 0.00167357, 0.994751, -0.102293, -0.000523893, 0.964344, -0.330445 )
joint_type = 1
joint_offset = Transform( 1, 0, 0, 0, 1, 0, 0, 0, 1, 1.08229e-19, -1.49948e-11, 0.0915942 )
body_offset = Transform( 0.999996, 7.21775e-09, 0, -2.32831e-09, 0.999998, 1.63709e-10, 6.33299e-08, 2.4218e-08, 1, 0, 0, -0.0915942 )
bone_name = "Sternum"
joint_constraints/bias = 0.3
joint_constraints/damping = 1.0
joint_constraints/impulse_clamp = 0.0

[node name="CollisionShape" type="CollisionShape" parent="Model/DodoRig/Skeleton/Physical Bone Sternum"]
transform = Transform( 0.999999, 2.09548e-09, 1.11759e-08, -4.65661e-10, 1, 2.99369e-08, 1.49012e-08, -5.38057e-09, 1, -0.000945697, -0.082264, -0.0376776 )
shape = SubResource( 3 )

[node name="Physical Bone Neck" type="PhysicalBone" parent="Model/DodoRig/Skeleton" index="3"]
transform = Transform( -0.999993, 3.69288e-06, 0.00377259, -0.00344913, 0.404233, -0.914649, -0.00152829, -0.914656, -0.40423, 0.000539302, 1.18619, -0.26329 )
joint_type = 1
joint_offset = Transform( 1, 0, 0, 0, 1, 0, 0, 0, 1, 4.0572e-09, 5.77376e-08, 0.142952 )
body_offset = Transform( 1, -4.32692e-09, 7.45058e-09, 2.36469e-11, 1, 1.30603e-08, 2.32831e-10, 1.33687e-08, 1, -5.12227e-09, -5.96046e-08, -0.142952 )
bone_name = "Neck"
joint_constraints/bias = 0.3
joint_constraints/damping = 1.0
joint_constraints/impulse_clamp = 0.0

[node name="CollisionShape" type="CollisionShape" parent="Model/DodoRig/Skeleton/Physical Bone Neck"]
transform = Transform( 1, -1.72759e-09, 2.32831e-09, 2.36469e-11, 1, 1.30603e-08, -2.32831e-10, 1.33598e-08, 1, -0.000195587, 0.041279, -0.0518838 )
shape = SubResource( 4 )

[node name="Physical Bone ShoulderBladeL" type="PhysicalBone" parent="Model/DodoRig/Skeleton" index="4"]
transform = Transform( -0.367852, 0.694491, -0.618363, 0.0457813, -0.650657, -0.757991, -0.928757, -0.307138, 0.20755, 0.211708, 0.891414, -0.0136019 )
joint_type = 1
joint_offset = Transform( 1, 0, 0, 0, 1, 0, 0, 0, 1, 1.86268e-08, 2.98022e-07, 0.0762126 )
body_offset = Transform( 1, -1.13249e-06, 0, -8.9407e-08, 1, 0, 1.63913e-07, -2.02656e-06, 1, -1.86265e-08, -2.98023e-07, -0.0762126 )
bone_name = "ShoulderBlade.L"
joint_constraints/bias = 0.3
joint_constraints/damping = 1.0
joint_constraints/impulse_clamp = 0.0

[node name="CollisionShape" type="CollisionShape" parent="Model/DodoRig/Skeleton/Physical Bone ShoulderBladeL"]
shape = SubResource( 5 )
disabled = true

[node name="Physical Bone WingL" type="PhysicalBone" parent="Model/DodoRig/Skeleton" index="5"]
transform = Transform( 0.237529, -0.405699, -0.882604, -0.0144754, 0.907028, -0.420822, 0.971273, 0.112733, 0.209573, 0.354383, 0.994739, -0.0521077 )
joint_type = 1
joint_offset = Transform( 1, 0, 0, 0, 1, 0, 0, 0, 1, 1.34042e-08, -3.14155e-07, 0.108257 )
body_offset = Transform( 1, 0, -8.9407e-08, 5.21541e-08, 1, 1.49012e-07, -1.19209e-07, 0, 1, -3.72529e-09, 2.98023e-07, -0.108257 )
bone_name = "Wing.L"
joint_constraints/bias = 0.3
joint_constraints/damping = 1.0
joint_constraints/impulse_clamp = 0.0

[node name="CollisionShape" type="CollisionShape" parent="Model/DodoRig/Skeleton/Physical Bone WingL"]
transform = Transform( 0.999998, -1.78814e-07, -1.49012e-07, 7.45058e-09, 0.999998, 2.98023e-08, 8.9407e-08, -2.08616e-07, 0.999999, -0.043484, 0.0131827, -0.0465608 )
shape = SubResource( 6 )

[node name="Physical Bone ThighL" type="PhysicalBone" parent="Model/DodoRig/Skeleton" index="6"]
transform = Transform( 0.344917, 0.931776, -0.113253, 0.0079268, 0.117762, 0.99301, 0.938599, -0.343404, 0.033232, 0.184492, 0.373182, 0.013281 )
joint_type = 1
joint_offset = Transform( 1, 0, 0, 0, 1, 0, 0, 0, 1, -1.1409e-08, -1.3165e-07, 0.151798 )
body_offset = Transform( 1, 0, 2.6077e-08, 0, 1, 8.19564e-08, 3.72529e-09, 0, 1, 7.45058e-09, 1.19209e-07, -0.151798 )
bone_name = "Thigh.L"
joint_constraints/bias = 0.3
joint_constraints/damping = 1.0
joint_constraints/impulse_clamp = 0.0

[node name="CollisionShape" type="CollisionShape" parent="Model/DodoRig/Skeleton/Physical Bone ThighL"]
transform = Transform( 1, 0, -3.72529e-09, 0, 1, 7.45058e-08, 3.72529e-09, 0, 1, -0.0409558, 0.0293699, -0.0671155 )
shape = SubResource( 7 )

[node name="Physical Bone ShinL" type="PhysicalBone" parent="Model/DodoRig/Skeleton" index="7"]
transform = Transform( -0.744377, 0.666022, -0.048151, -0.0247981, 0.0444868, 0.998705, 0.6673, 0.744604, -0.0165991, 0.206702, 0.118366, 0.00996597 )
joint_type = 1
joint_offset = Transform( 1, 0, 0, 0, 1, 0, 0, 0, 1, 1.63913e-07, 1.8828e-07, 0.104211 )
body_offset = Transform( 1, 0, 0, 0, 1, 5.21541e-08, 3.72529e-09, -9.68575e-08, 1, -1.63913e-07, -1.93715e-07, -0.104211 )
bone_name = "Shin.L"
joint_constraints/bias = 0.3
joint_constraints/damping = 1.0
joint_constraints/impulse_clamp = 0.0

[node name="CollisionShape" type="CollisionShape" parent="Model/DodoRig/Skeleton/Physical Bone ShinL"]
transform = Transform( 1, 0, 3.72529e-09, 2.98023e-08, 1, 7.45058e-09, 3.72529e-09, -3.72529e-09, 1, -0.0381581, -0.0425786, 0.000949174 )
shape = SubResource( 8 )

[node name="Physical Bone HeelL" type="PhysicalBone" parent="Model/DodoRig/Skeleton" index="8"]
transform = Transform( 0.998759, 0.000411712, -0.0498037, 0.000375378, 0.999875, 0.0157939, 0.0498035, -0.0157931, 0.998634, 0.214405, 0.013439, -0.0421418 )
joint_type = 1
joint_offset = Transform( 1, 0, 0, 0, 1, 0, 0, 0, 1, -3.66102e-07, -3.82094e-08, 0.0539114 )
body_offset = Transform( 1, 4.16185e-09, -1.19209e-07, -9.31323e-10, 1, 4.6748e-10, 0, -4.05635e-10, 1, 3.72529e-07, 3.81842e-08, -0.0539114 )
bone_name = "Heel.L"
joint_constraints/bias = 0.3
joint_constraints/damping = 1.0
joint_constraints/impulse_clamp = 0.0

[node name="CollisionShape" type="CollisionShape" parent="Model/DodoRig/Skeleton/Physical Bone HeelL"]
transform = Transform( 1, 6.98492e-10, -2.23517e-08, -1.74623e-10, 1, 5.00222e-10, 0, -2.43745e-10, 1, 0.0103475, 0.00164458, -0.10436 )
shape = SubResource( 9 )

[node name="Physical Bone HeelL001" type="PhysicalBone" parent="Model/DodoRig/Skeleton" index="9"]
transform = Transform( 0.975564, 0.00350111, -0.219685, -0.00382262, 0.999992, -0.00103808, 0.21968, 0.00185235, 0.97557, 0.256939, 0.00809528, -0.0353511 )
joint_type = 1
joint_offset = Transform( 1, 0, 0, 0, 1, 0, 0, 0, 1, 1.57877e-08, -3.01165e-08, 0.0504521 )
body_offset = Transform( 1, -6.98492e-10, -3.12924e-07, -1.62981e-09, 1, 6.22822e-09, 3.12924e-07, 0, 1, 0, 2.98023e-08, -0.0504521 )
bone_name = "Heel.L.001"
joint_constraints/bias = 0.3
joint_constraints/damping = 1.0
joint_constraints/impulse_clamp = 0.0

[node name="CollisionShape" type="CollisionShape" parent="Model/DodoRig/Skeleton/Physical Bone HeelL001"]
transform = Transform( 0.999999, -1.39698e-09, -8.9407e-08, 1.86265e-09, 0.999999, 1.16415e-10, 1.04308e-07, 1.74623e-10, 0.999999, -0.00143535, 0.0110316, -0.100709 )
shape = SubResource( 10 )

[node name="Physical Bone HeelL002" type="PhysicalBone" parent="Model/DodoRig/Skeleton" index="10"]
transform = Transform( 0.985712, -0.00731915, 0.16828, 0.0002152, 0.99911, 0.0421943, -0.168439, -0.0415554, 0.984834, 0.161659, 0.0115957, -0.0452647 )
joint_type = 1
joint_offset = Transform( 1, 0, 0, 0, 1, 0, 0, 0, 1, -3.41175e-07, -1.02447e-09, 0.0520718 )
body_offset = Transform( 1, -1.39698e-09, -2.98023e-08, -7.91624e-09, 1, 1.96742e-08, 4.91738e-07, 9.42964e-09, 0.999998, 3.42727e-07, 0, -0.0520717 )
bone_name = "Heel.L.002"
joint_constraints/bias = 0.3
joint_constraints/damping = 1.0
joint_constraints/impulse_clamp = 0.0

[node name="CollisionShape" type="CollisionShape" parent="Model/DodoRig/Skeleton/Physical Bone HeelL002"]
transform = Transform( 1, -9.77889e-09, 1.19209e-07, -1.39698e-08, 1, 7.67177e-08, 5.96046e-08, 5.12227e-08, 1, 0.0287927, 0.00512795, -0.0970458 )
shape = SubResource( 11 )

[node name="Physical Bone ShoulderBladeR" type="PhysicalBone" parent="Model/DodoRig/Skeleton" index="11"]
transform = Transform( -0.367852, -0.694487, 0.618364, -0.0457816, -0.650657, -0.75799, 0.928757, -0.307138, 0.20755, -0.211708, 0.891415, -0.013602 )
joint_type = 1
joint_offset = Transform( 1, 0, 0, 0, 1, 0, 0, 0, 1, 6.79965e-10, 7.26062e-07, 0.0762129 )
body_offset = Transform( 1, -2.38419e-07, -2.5332e-07, 1.78814e-07, 1, -9.23872e-07, 5.96046e-08, 4.17233e-07, 1, 1.86265e-08, -6.55651e-07, -0.0762129 )
bone_name = "ShoulderBlade.R"
joint_constraints/bias = 0.3
joint_constraints/damping = 1.0
joint_constraints/impulse_clamp = 0.0

[node name="CollisionShape" type="CollisionShape" parent="Model/DodoRig/Skeleton/Physical Bone ShoulderBladeR"]
shape = SubResource( 12 )
disabled = true

[node name="Physical Bone WingR" type="PhysicalBone" parent="Model/DodoRig/Skeleton" index="12"]
transform = Transform( 0.237529, 0.405699, 0.882603, 0.0144754, 0.907028, -0.420822, -0.971272, 0.112733, 0.209572, -0.354383, 0.994739, -0.0521077 )
joint_type = 1
joint_offset = Transform( 1, 0, 0, 0, 1, 0, 0, 0, 1, -2.23517e-08, -2.38419e-07, 0.108257 )
body_offset = Transform( 1, 1.3411e-07, 0, 0, 1, 0, 1.49012e-08, -2.98023e-08, 1, 2.23517e-08, 2.38419e-07, -0.108257 )
bone_name = "Wing.R"
joint_constraints/bias = 0.3
joint_constraints/damping = 1.0
joint_constraints/impulse_clamp = 0.0

[node name="CollisionShape" type="CollisionShape" parent="Model/DodoRig/Skeleton/Physical Bone WingR"]
transform = Transform( 1, 7.45058e-08, 1.63913e-07, 7.45058e-08, 1, 0, -5.96046e-08, -2.98023e-08, 1, 0.0340493, -0.00147027, -0.0393452 )
shape = SubResource( 13 )

[node name="Physical Bone ThighR" type="PhysicalBone" parent="Model/DodoRig/Skeleton" index="13"]
transform = Transform( 0.344918, -0.931776, 0.113253, -0.00792645, 0.117761, 0.993011, -0.9386, -0.343404, 0.0332319, -0.184492, 0.373181, 0.0132809 )
joint_type = 1
joint_offset = Transform( 1, 0, 0, 0, 1, 0, 0, 0, 1, -5.38505e-08, 9.05379e-08, 0.151799 )
body_offset = Transform( 1, -2.98023e-08, 1.11759e-08, -2.98023e-08, 1, -7.45058e-09, 1.41561e-07, -2.38419e-07, 1, 5.21541e-08, -8.9407e-08, -0.151799 )
bone_name = "Thigh.R"
joint_constraints/bias = 0.3
joint_constraints/damping = 1.0
joint_constraints/impulse_clamp = 0.0

[node name="CollisionShape" type="CollisionShape" parent="Model/DodoRig/Skeleton/Physical Bone ThighR"]
shape = SubResource( 14 )

[node name="Physical Bone ShinR" type="PhysicalBone" parent="Model/DodoRig/Skeleton" index="14"]
transform = Transform( -0.744376, -0.666022, 0.0481508, 0.024798, 0.0444867, 0.9987, -0.6673, 0.744604, -0.016599, -0.206702, 0.118366, 0.00996601 )
joint_type = 1
joint_offset = Transform( 1, 0, 0, 0, 1, 0, 0, 0, 1, -1.3411e-07, 1.47071e-07, 0.104211 )
body_offset = Transform( 1, 1.19209e-07, 0, -2.98023e-08, 1, 1.86265e-08, -1.15484e-07, -3.72529e-09, 0.999998, 1.3411e-07, -1.49012e-07, -0.104211 )
bone_name = "Shin.R"
joint_constraints/bias = 0.3
joint_constraints/damping = 1.0
joint_constraints/impulse_clamp = 0.0

[node name="CollisionShape" type="CollisionShape" parent="Model/DodoRig/Skeleton/Physical Bone ShinR"]
shape = SubResource( 15 )

[node name="Physical Bone HeelR" type="PhysicalBone" parent="Model/DodoRig/Skeleton" index="15"]
transform = Transform( 0.998872, -0.000596146, 0.0474326, -0.000333732, 0.999808, 0.0195961, -0.047435, -0.0195902, 0.998683, -0.214288, 0.0132294, -0.0423754 )
joint_type = 1
joint_offset = Transform( 1, 0, 0, 0, 1, 0, 0, 0, 1, -6.45432e-09, 9.00792e-10, 0.0541426 )
body_offset = Transform( 0.999998, -2.50293e-09, 1.19209e-07, 1.74623e-10, 1, 5.63887e-10, -1.63913e-07, -1.45519e-11, 1, 0, -9.31323e-10, -0.0541426 )
bone_name = "Heel.R"
joint_constraints/bias = 0.3
joint_constraints/damping = 1.0
joint_constraints/impulse_clamp = 0.0

[node name="CollisionShape" type="CollisionShape" parent="Model/DodoRig/Skeleton/Physical Bone HeelR"]
transform = Transform( 1, -4.65661e-10, 0, -5.82077e-11, 1, 6.33008e-10, -2.6077e-08, 6.54836e-11, 1, 0.0149204, 0.00252788, -0.12872 )
shape = SubResource( 16 )

[node name="Physical Bone HeelR001" type="PhysicalBone" parent="Model/DodoRig/Skeleton" index="16"]
transform = Transform( 0.975565, -0.00350071, 0.219685, 0.00382231, 0.999992, -0.00103812, -0.219679, 0.00185225, 0.97557, -0.256939, 0.00809523, -0.0353512 )
joint_type = 1
joint_offset = Transform( 1, 0, 0, 0, 1, 0, 0, 0, 1, 1.86601e-08, 1.76203e-11, 0.0504521 )
body_offset = Transform( 1, 5.82077e-09, -7.45058e-08, -3.49246e-09, 1, -3.49246e-10, 6.25849e-07, -3.55067e-09, 1, -1.49012e-08, 0, -0.0504521 )
bone_name = "Heel.R.001"
joint_constraints/bias = 0.3
joint_constraints/damping = 1.0
joint_constraints/impulse_clamp = 0.0

[node name="CollisionShape" type="CollisionShape" parent="Model/DodoRig/Skeleton/Physical Bone HeelR001"]
transform = Transform( 1, 9.31323e-10, -4.47035e-08, 0, 1, 2.32831e-10, 7.45058e-08, -2.91038e-10, 1, 0.0255775, -0.000215683, -0.113586 )
shape = SubResource( 17 )

[node name="Physical Bone HeelR002" type="PhysicalBone" parent="Model/DodoRig/Skeleton" index="17"]
transform = Transform( 0.985712, 0.00731945, -0.16828, -0.000215438, 0.99911, 0.0421943, 0.16844, -0.0415555, 0.984834, -0.161658, 0.0115957, -0.0452647 )
joint_type = 1
joint_offset = Transform( 1, 0, 0, 0, 1, 0, 0, 0, 1, -5.69599e-08, -1.1652e-08, 0.0520718 )
body_offset = Transform( 1, -2.32831e-08, 5.21541e-07, 0, 1, -6.23986e-08, -1.49012e-08, 1.77184e-07, 0.999998, 2.98023e-08, 1.49012e-08, -0.0520717 )
bone_name = "Heel.R.002"
joint_constraints/bias = 0.3
joint_constraints/damping = 1.0
joint_constraints/impulse_clamp = 0.0

[node name="CollisionShape" type="CollisionShape" parent="Model/DodoRig/Skeleton/Physical Bone HeelR002"]
transform = Transform( 1, -3.25963e-09, 1.49012e-08, 1.86265e-09, 1, -5.82077e-10, 0, 1.71131e-08, 1, 0.00901936, 0.00526213, -0.124554 )
shape = SubResource( 18 )

[editable path="Model"]
