[gd_scene load_steps=21 format=2]

[ext_resource path="res://dodo.dae" type="PackedScene" id=2]
[ext_resource path="res://Player.gd" type="Script" id=3]

[sub_resource type="CylinderShape" id=1]
height = 3.45817

[sub_resource type="CapsuleShape" id=2]
radius = 0.290173
height = 0.286363

[sub_resource type="SphereShape" id=3]
radius = 0.0782765

[sub_resource type="CapsuleShape" id=4]
radius = 0.100535
height = 0.15975

[sub_resource type="CapsuleShape" id=5]
radius = 0.0152425
height = 0.12194

[sub_resource type="CapsuleShape" id=6]
radius = 0.046945
height = 0.0552837

[sub_resource type="CapsuleShape" id=7]
radius = 0.058818
height = 0.0697619

[sub_resource type="CapsuleShape" id=8]
radius = 0.0208422
height = 0.107823

[sub_resource type="CapsuleShape" id=9]
radius = 0.0149816
height = 0.0862582

[sub_resource type="CapsuleShape" id=10]
radius = 0.0142858
height = 0.0807234

[sub_resource type="CapsuleShape" id=11]
radius = 0.0149732
height = 0.083315

[sub_resource type="CapsuleShape" id=12]
radius = 0.0152425
height = 0.12194

[sub_resource type="CapsuleShape" id=13]
radius = 0.0489323
height = 0.0719823

[sub_resource type="CapsuleShape" id=14]
radius = 0.0303599
height = 0.242879

[sub_resource type="CapsuleShape" id=15]
radius = 0.0208422
height = 0.166738

[sub_resource type="CapsuleShape" id=16]
radius = 0.0108285
height = 0.0866282

[sub_resource type="CapsuleShape" id=17]
radius = 0.0100904
height = 0.0807234

[sub_resource type="CapsuleShape" id=18]
radius = 0.0104144
height = 0.0833149

[node name="Player" type="KinematicBody"]
collision_layer = 2
script = ExtResource( 3 )

[node name="Camera" type="Camera" parent="."]
transform = Transform( 0.98035, -0.0624719, 0.18711, 0, 0.948528, 0.316692, -0.197264, -0.310469, 0.92989, 0.692066, 2.70459, 6 )

[node name="CollisionShape" type="CollisionShape" parent="."]
transform = Transform( 0.583, 0, 0, 0, 0.481, 0, 0, 0, 0.604, -0.171982, 0.820773, -0.015798 )
shape = SubResource( 1 )

[node name="Model" parent="." instance=ExtResource( 2 )]
transform = Transform( -1.62921e-07, 0, 1, 0, 1, 0, -1, 0, -1.62921e-07, 0, 0, 0 )

[node name="Dodo" parent="Model/DodoRig/Skeleton" index="0"]
transform = Transform( 1, 0, 0, 0, 1, 0, 0, 0, 1, 0.0136331, 0.00794071, -0.0447616 )

[node name="Physical Bone Hip" type="PhysicalBone" parent="Model/DodoRig/Skeleton" index="1"]
transform = Transform( 0.000790132, 0.99999, 0.00430135, -0.808352, 0.00317092, -0.58869, -0.588698, -0.00301186, 0.808347, -0.00106321, 0.727739, -0.140016 )
collision_layer = 4
joint_offset = Transform( 1, 0, 0, 0, 1, 0, 0, 0, 1, -6.1778e-07, -4.36417e-08, 0.247169 )
body_offset = Transform( 1, 1.1595e-07, 2.98172e-06, -1.37836e-07, 1, 1.69501e-07, -2.97945e-06, -1.10362e-07, 1, -1.19209e-07, 1.74623e-09, -0.247169 )
bone_name = "Hip"

[node name="CollisionShape" type="CollisionShape" parent="Model/DodoRig/Skeleton/Physical Bone Hip"]
transform = Transform( 1, 4.24916e-09, -7.44141e-07, 5.23869e-10, 1, 9.31323e-10, 5.07568e-07, -1.39698e-09, 1, -0.0523939, 0.0293132, 0.143143 )
shape = SubResource( 2 )

[node name="Physical Bone Sternum" type="PhysicalBone" parent="Model/DodoRig/Skeleton" index="2"]
transform = Transform( 0.999832, -0.0034813, -0.0174951, -0.0177593, -0.102247, -0.994601, 0.00167355, 0.994748, -0.102293, -0.000523892, 0.964344, -0.330445 )
collision_layer = 4
joint_type = 1
joint_offset = Transform( 1, 0, 0, 0, 1, 0, 0, 0, 1, -1.86267e-09, 1.19195e-07, 0.0915941 )
body_offset = Transform( 0.999991, 1.76951e-08, 0, -3.49246e-09, 0.999995, 1.63709e-10, 1.73226e-07, 6.11508e-08, 1, 1.86265e-09, -1.19209e-07, -0.0915941 )
bone_name = "Sternum"
joint_constraints/bias = 0.3
joint_constraints/damping = 1.0
joint_constraints/impulse_clamp = 0.0

[node name="CollisionShape" type="CollisionShape" parent="Model/DodoRig/Skeleton/Physical Bone Sternum"]
transform = Transform( 0.999999, 2.09548e-09, 1.11759e-08, -4.65661e-10, 1, 2.99369e-08, 1.49012e-08, -5.38057e-09, 1, -0.000945697, -0.082264, -0.0376776 )
shape = SubResource( 3 )

[node name="Physical Bone Neck" type="PhysicalBone" parent="Model/DodoRig/Skeleton" index="3"]
transform = Transform( -0.999993, 3.69958e-06, 0.00377258, -0.00344913, 0.404233, -0.914649, -0.00152829, -0.914656, -0.40423, 0.000539318, 1.18619, -0.26329 )
collision_layer = 4
joint_type = 1
joint_offset = Transform( 1, 0, 0, 0, 1, 0, 0, 0, 1, 1.87245e-08, 1.17342e-07, 0.142952 )
body_offset = Transform( 1, -1.10228e-08, 1.88593e-08, 2.36469e-11, 1, 1.30603e-08, 2.32831e-10, 1.33939e-08, 1, -2.14204e-08, -1.19209e-07, -0.142952 )
bone_name = "Neck"
joint_constraints/bias = 0.3
joint_constraints/damping = 1.0
joint_constraints/impulse_clamp = 0.0

[node name="CollisionShape" type="CollisionShape" parent="Model/DodoRig/Skeleton/Physical Bone Neck"]
transform = Transform( 1, -1.72759e-09, 2.32831e-09, 2.36469e-11, 1, 1.30603e-08, -2.32831e-10, 1.33598e-08, 1, -0.000195587, 0.041279, -0.0518838 )
shape = SubResource( 4 )

[node name="Physical Bone ShoulderBladeL" type="PhysicalBone" parent="Model/DodoRig/Skeleton" index="4"]
transform = Transform( -0.367852, 0.694496, -0.618363, 0.0457813, -0.650656, -0.757991, -0.928757, -0.307138, 0.20755, 0.211708, 0.891414, -0.0136019 )
collision_layer = 4
joint_type = 1
joint_offset = Transform( 1, 0, 0, 0, 1, 0, 0, 0, 1, -3.72474e-09, 2.38417e-07, 0.0762124 )
body_offset = Transform( 1, -2.29478e-06, 0, -8.9407e-08, 1.00001, 0, 1.63913e-07, -5.126e-06, 1, 3.72529e-09, -2.38419e-07, -0.0762124 )
bone_name = "ShoulderBlade.L"
joint_constraints/bias = 0.3
joint_constraints/damping = 1.0
joint_constraints/impulse_clamp = 0.0

[node name="CollisionShape" type="CollisionShape" parent="Model/DodoRig/Skeleton/Physical Bone ShoulderBladeL"]
shape = SubResource( 5 )
disabled = true

[node name="Physical Bone WingL" type="PhysicalBone" parent="Model/DodoRig/Skeleton" index="5"]
transform = Transform( 0.237529, -0.405699, -0.882604, -0.0144754, 0.907028, -0.420822, 0.971273, 0.112733, 0.209572, 0.354384, 0.99474, -0.0521077 )
collision_layer = 4
joint_type = 1
joint_offset = Transform( 1, 0, 0, 0, 1, 0, 0, 0, 1, -3.4293e-08, -4.33364e-07, 0.108257 )
body_offset = Transform( 1, 0, -2.68221e-07, 5.21541e-08, 1, 1.49012e-07, -1.19209e-07, 0, 1, 6.33299e-08, 4.17233e-07, -0.108258 )
bone_name = "Wing.L"
joint_constraints/bias = 0.3
joint_constraints/damping = 1.0
joint_constraints/impulse_clamp = 0.0

[node name="CollisionShape" type="CollisionShape" parent="Model/DodoRig/Skeleton/Physical Bone WingL"]
transform = Transform( 0.999998, -1.78814e-07, -1.49012e-07, 7.45058e-09, 0.999998, 2.98023e-08, 8.9407e-08, -2.08616e-07, 0.999999, -0.043484, 0.0131827, -0.0465608 )
shape = SubResource( 6 )

[node name="Physical Bone ThighL" type="PhysicalBone" parent="Model/DodoRig/Skeleton" index="6"]
transform = Transform( 0.344917, 0.931776, -0.113253, 0.0079268, 0.117762, 0.99301, 0.938599, -0.343404, 0.033232, 0.184492, 0.373182, 0.013281 )
collision_layer = 4
joint_type = 1
joint_offset = Transform( 1, 0, 0, 0, 1, 0, 0, 0, 1, -1.1409e-08, -2.35958e-07, 0.151798 )
body_offset = Transform( 1, 0, 2.6077e-08, 0, 1, 8.19564e-08, 3.72529e-09, 0, 1, 7.45058e-09, 2.23517e-07, -0.151798 )
bone_name = "Thigh.L"
joint_constraints/bias = 0.3
joint_constraints/damping = 1.0
joint_constraints/impulse_clamp = 0.0

[node name="CollisionShape" type="CollisionShape" parent="Model/DodoRig/Skeleton/Physical Bone ThighL"]
transform = Transform( 1, 0, -3.72529e-09, 0, 1, 7.45058e-08, 3.72529e-09, 0, 1, -0.0409558, 0.0293699, -0.0671155 )
shape = SubResource( 7 )

[node name="Physical Bone ShinL" type="PhysicalBone" parent="Model/DodoRig/Skeleton" index="7"]
transform = Transform( -0.744377, 0.666022, -0.0481511, -0.0247981, 0.0444868, 0.998708, 0.6673, 0.744604, -0.0165991, 0.206702, 0.118366, 0.00996561 )
collision_layer = 4
joint_type = 1
joint_offset = Transform( 1, 0, 0, 0, 1, 0, 0, 0, 1, 3.97673e-07, 4.50678e-07, 0.10421 )
body_offset = Transform( 1, 0, 4.47035e-08, 0, 1, 1.08033e-07, 3.72529e-09, -9.68575e-08, 1.00001, -4.02331e-07, -4.61936e-07, -0.104211 )
bone_name = "Shin.L"
joint_constraints/bias = 0.3
joint_constraints/damping = 1.0
joint_constraints/impulse_clamp = 0.0

[node name="CollisionShape" type="CollisionShape" parent="Model/DodoRig/Skeleton/Physical Bone ShinL"]
transform = Transform( 1, 0, 3.72529e-09, 2.98023e-08, 1, 7.45058e-09, 3.72529e-09, -3.72529e-09, 1, -0.0381581, -0.0425786, 0.000949174 )
shape = SubResource( 8 )

[node name="Physical Bone HeelL" type="PhysicalBone" parent="Model/DodoRig/Skeleton" index="8"]
transform = Transform( 0.998759, 0.000411719, -0.0498039, 0.000375377, 0.999875, 0.0157939, 0.0498035, -0.0157931, 0.998634, 0.214405, 0.013439, -0.0421418 )
collision_layer = 4
joint_type = 1
joint_offset = Transform( 1, 0, 0, 0, 1, 0, 0, 0, 1, -5.64878e-07, -7.63895e-08, 0.0539115 )
body_offset = Transform( 1, 1.12923e-08, -3.01749e-07, -2.35741e-09, 1, 3.91083e-10, 0, -7.60338e-10, 1, 5.81145e-07, 7.63685e-08, -0.0539115 )
bone_name = "Heel.L"
joint_constraints/bias = 0.3
joint_constraints/damping = 1.0
joint_constraints/impulse_clamp = 0.0

[node name="CollisionShape" type="CollisionShape" parent="Model/DodoRig/Skeleton/Physical Bone HeelL"]
transform = Transform( 1, 6.98492e-10, -2.23517e-08, -1.74623e-10, 1, 5.00222e-10, 0, -2.43745e-10, 1, 0.0103475, 0.00164458, -0.10436 )
shape = SubResource( 9 )

[node name="Physical Bone HeelL001" type="PhysicalBone" parent="Model/DodoRig/Skeleton" index="9"]
transform = Transform( 0.975565, 0.00350111, -0.219685, -0.00382262, 0.999992, -0.00103807, 0.21968, 0.00185235, 0.97557, 0.25694, 0.00809531, -0.0353511 )
collision_layer = 4
joint_type = 1
joint_offset = Transform( 1, 0, 0, 0, 1, 0, 0, 0, 1, -4.38169e-08, -6.70137e-08, 0.0504522 )
body_offset = Transform( 1, -6.98492e-10, -3.12924e-07, -1.62981e-09, 1, 1.76369e-08, 3.12924e-07, 0, 1, 5.96046e-08, 6.61239e-08, -0.0504522 )
bone_name = "Heel.L.001"
joint_constraints/bias = 0.3
joint_constraints/damping = 1.0
joint_constraints/impulse_clamp = 0.0

[node name="CollisionShape" type="CollisionShape" parent="Model/DodoRig/Skeleton/Physical Bone HeelL001"]
transform = Transform( 0.999999, -1.39698e-09, -8.9407e-08, 1.86265e-09, 0.999999, 1.16415e-10, 1.04308e-07, 1.74623e-10, 0.999999, -0.00143535, 0.0110316, -0.100709 )
shape = SubResource( 10 )

[node name="Physical Bone HeelL002" type="PhysicalBone" parent="Model/DodoRig/Skeleton" index="10"]
transform = Transform( 0.985712, -0.00731915, 0.16828, 0.000215201, 0.99911, 0.0421943, -0.168439, -0.0415554, 0.984834, 0.161659, 0.0115957, -0.0452647 )
collision_layer = 4
joint_type = 1
joint_offset = Transform( 1, 0, 0, 0, 1, 0, 0, 0, 1, -6.58296e-07, -3.18578e-09, 0.0520717 )
body_offset = Transform( 1, -1.39698e-09, -5.21541e-07, -7.91624e-09, 1, -1.0361e-08, 4.91738e-07, 9.42964e-09, 0.999998, 6.85453e-07, 3.72529e-09, -0.0520716 )
bone_name = "Heel.L.002"
joint_constraints/bias = 0.3
joint_constraints/damping = 1.0
joint_constraints/impulse_clamp = 0.0

[node name="CollisionShape" type="CollisionShape" parent="Model/DodoRig/Skeleton/Physical Bone HeelL002"]
transform = Transform( 1, -9.77889e-09, 1.19209e-07, -1.39698e-08, 1, 7.67177e-08, 5.96046e-08, 5.12227e-08, 1, 0.0287927, 0.00512795, -0.0970458 )
shape = SubResource( 11 )

[node name="Physical Bone ShoulderBladeR" type="PhysicalBone" parent="Model/DodoRig/Skeleton" index="11"]
transform = Transform( -0.367852, -0.694487, 0.618364, -0.0457816, -0.650657, -0.75799, 0.928757, -0.307138, 0.20755, -0.211708, 0.891415, -0.013602 )
collision_layer = 4
joint_type = 1
joint_offset = Transform( 1, 0, 0, 0, 1, 0, 0, 0, 1, -1.79463e-08, 9.64481e-07, 0.0762134 )
body_offset = Transform( 1, -2.38419e-07, -2.5332e-07, 1.78814e-07, 1, -9.23872e-07, 5.96046e-08, 4.17233e-07, 1, 3.72529e-08, -8.9407e-07, -0.0762134 )
bone_name = "ShoulderBlade.R"
joint_constraints/bias = 0.3
joint_constraints/damping = 1.0
joint_constraints/impulse_clamp = 0.0

[node name="CollisionShape" type="CollisionShape" parent="Model/DodoRig/Skeleton/Physical Bone ShoulderBladeR"]
shape = SubResource( 12 )
disabled = true

[node name="Physical Bone WingR" type="PhysicalBone" parent="Model/DodoRig/Skeleton" index="12"]
transform = Transform( 0.237529, 0.405699, 0.882603, 0.0144754, 0.907028, -0.420822, -0.971272, 0.112733, 0.209572, -0.354383, 0.99474, -0.0521076 )
collision_layer = 4
joint_type = 1
joint_offset = Transform( 1, 0, 0, 0, 1, 0, 0, 0, 1, -4.47034e-08, -4.76837e-07, 0.108257 )
body_offset = Transform( 1, 1.3411e-07, 0, 0, 1, 0, 1.49012e-08, -2.98023e-08, 1, 4.47035e-08, 4.76837e-07, -0.108257 )
bone_name = "Wing.R"
joint_constraints/bias = 0.3
joint_constraints/damping = 1.0
joint_constraints/impulse_clamp = 0.0

[node name="CollisionShape" type="CollisionShape" parent="Model/DodoRig/Skeleton/Physical Bone WingR"]
transform = Transform( 1, 7.45058e-08, 1.63913e-07, 7.45058e-08, 1, 0, -5.96046e-08, -2.98023e-08, 1, 0.0340493, -0.00147027, -0.0393452 )
shape = SubResource( 13 )

[node name="Physical Bone ThighR" type="PhysicalBone" parent="Model/DodoRig/Skeleton" index="13"]
transform = Transform( 0.344918, -0.931777, 0.113253, -0.00792641, 0.117761, 0.993011, -0.9386, -0.343404, 0.0332319, -0.184492, 0.373181, 0.0132809 )
collision_layer = 4
joint_type = 1
joint_offset = Transform( 1, 0, 0, 0, 1, 0, 0, 0, 1, -1.20906e-07, 7.56367e-08, 0.151799 )
body_offset = Transform( 1, -3.27826e-07, 1.11759e-08, -2.38419e-07, 1, -7.45058e-09, 2.01166e-07, -5.36442e-07, 1, 1.19209e-07, -7.45058e-08, -0.151799 )
bone_name = "Thigh.R"
joint_constraints/bias = 0.3
joint_constraints/damping = 1.0
joint_constraints/impulse_clamp = 0.0

[node name="CollisionShape" type="CollisionShape" parent="Model/DodoRig/Skeleton/Physical Bone ThighR"]
shape = SubResource( 14 )

[node name="Physical Bone ShinR" type="PhysicalBone" parent="Model/DodoRig/Skeleton" index="14"]
transform = Transform( -0.744376, -0.666022, 0.0481506, 0.0247978, 0.0444867, 0.998697, -0.6673, 0.744604, -0.016599, -0.206702, 0.118366, 0.00996592 )
collision_layer = 4
joint_type = 1
joint_offset = Transform( 1, 0, 0, 0, 1, 0, 0, 0, 1, -1.93327e-07, 2.17694e-07, 0.104211 )
body_offset = Transform( 1, 1.19209e-07, -3.72529e-09, -2.98023e-08, 1, 5.58794e-08, -2.98023e-07, -3.72529e-09, 0.999995, 1.93715e-07, -2.23517e-07, -0.104211 )
bone_name = "Shin.R"
joint_constraints/bias = 0.3
joint_constraints/damping = 1.0
joint_constraints/impulse_clamp = 0.0

[node name="CollisionShape" type="CollisionShape" parent="Model/DodoRig/Skeleton/Physical Bone ShinR"]
shape = SubResource( 15 )

[node name="Physical Bone HeelR" type="PhysicalBone" parent="Model/DodoRig/Skeleton" index="15"]
transform = Transform( 0.99887, -0.000596149, 0.0474328, -0.000333736, 0.999808, 0.0195961, -0.0474351, -0.0195902, 0.998683, -0.214287, 0.0132294, -0.0423754 )
collision_layer = 4
joint_type = 1
joint_offset = Transform( 1, 0, 0, 0, 1, 0, 0, 0, 1, -1.6535e-07, -8.40652e-09, 0.0541426 )
body_offset = Transform( 0.999995, -5.3551e-09, 3.01749e-07, 1.22236e-09, 1, 4.54747e-10, -4.24683e-07, -1.50976e-10, 1, 1.49012e-07, 8.3819e-09, -0.0541426 )
bone_name = "Heel.R"
joint_constraints/bias = 0.3
joint_constraints/damping = 1.0
joint_constraints/impulse_clamp = 0.0

[node name="CollisionShape" type="CollisionShape" parent="Model/DodoRig/Skeleton/Physical Bone HeelR"]
transform = Transform( 1, -4.65661e-10, 0, -5.82077e-11, 1, 6.33008e-10, -2.6077e-08, 6.54836e-11, 1, 0.0149204, 0.00252788, -0.12872 )
shape = SubResource( 16 )

[node name="Physical Bone HeelR001" type="PhysicalBone" parent="Model/DodoRig/Skeleton" index="16"]
transform = Transform( 0.975565, -0.00350071, 0.219685, 0.0038223, 0.999992, -0.00103812, -0.219678, 0.00185225, 0.97557, -0.256939, 0.00809521, -0.0353512 )
collision_layer = 4
joint_type = 1
joint_offset = Transform( 1, 0, 0, 0, 1, 0, 0, 0, 1, 7.82648e-08, 1.77127e-08, 0.0504521 )
body_offset = Transform( 1, 7.68341e-09, -7.45058e-08, -9.77889e-09, 1, -3.49246e-10, 2.13087e-06, -1.03028e-08, 1, -7.45058e-08, -1.76951e-08, -0.0504521 )
bone_name = "Heel.R.001"
joint_constraints/bias = 0.3
joint_constraints/damping = 1.0
joint_constraints/impulse_clamp = 0.0

[node name="CollisionShape" type="CollisionShape" parent="Model/DodoRig/Skeleton/Physical Bone HeelR001"]
transform = Transform( 1, 9.31323e-10, -4.47035e-08, 0, 1, 2.32831e-10, 7.45058e-08, -2.91038e-10, 1, 0.0255775, -0.000215683, -0.113586 )
shape = SubResource( 17 )

[node name="Physical Bone HeelR002" type="PhysicalBone" parent="Model/DodoRig/Skeleton" index="17"]
transform = Transform( 0.985712, 0.00731937, -0.16828, -0.000215438, 0.99911, 0.0421943, 0.16844, -0.0415553, 0.984834, -0.161658, 0.0115958, -0.0452646 )
collision_layer = 4
joint_type = 1
joint_offset = Transform( 1, 0, 0, 0, 1, 0, 0, 0, 1, -1.56454e-07, -3.12114e-08, 0.0520717 )
body_offset = Transform( 1, -5.86733e-08, 7.15256e-07, 0, 1, -9.81381e-08, -1.49012e-08, 4.13274e-07, 0.999998, 1.19209e-07, 3.63216e-08, -0.0520716 )
bone_name = "Heel.R.002"
joint_constraints/bias = 0.3
joint_constraints/damping = 1.0
joint_constraints/impulse_clamp = 0.0

[node name="CollisionShape" type="CollisionShape" parent="Model/DodoRig/Skeleton/Physical Bone HeelR002"]
transform = Transform( 1, -3.25963e-09, 1.49012e-08, 1.86265e-09, 1, -5.82077e-10, 0, 1.71131e-08, 1, 0.00901936, 0.00526213, -0.124554 )
shape = SubResource( 18 )

[editable path="Model"]
